0000000000000000000000000000000000000000000000000000000000111111
0000000000000001111110000000000000000000000000000000000000000000
0000000000000000000000000000000000000000000000000000001111000011
0000000000000001100001111000000000000000000000000000000000000000
0000000000000000000000000000000000000000000000000000110011001100
0000000000000000011001100110000000000000000000000000000000000000
0000000000000000000000000000000000000000000000000000111100110000
0000000000000000000110011110000000000000000000000000000000000000
0000000000000000000000000000000000000000000000000011000011110000
0000000000000000000111100001100000000000000000000000000000000000
0000000000000000000000000000000000000000000000000011001100001100
0000000000000000011000011001100000000000000000000000000000000000
0000000000000000000000000000000000000000000000000011110000000011
0000000000000001100000000111100000000000000000000000000000000000
0000000000000000000000000000000000000000000000001100000101010100
0000000000000000010101010000011000000000000000000000000000000000
0000000000000000000000000000000000000000000000001100001010101000
0000000000000000001010101000011000000000000000000000000000000000
0000000000000000000000000000000000000000000000010100010001100001
0000000000000001000011000100010100000000000000000000000000000000
0000000000000000000000000000000000000000000000010100100010010010
0000000000000000100100100010010100000000000000000000000000000000
0000000000000000000000000000000000000000000000011000010100001010
0000000000000000101000010100001100000000000000000000000000000000
0000000000000000000000000000000000000000000000011000101000000101
0000000000000001010000001010001100000000000000000000000000000000
0000000000000000000000000000000000000000000000100100011000000110
0000000000000000110000001100010010000000000000000000000000000000
0000000000000000000000000000000000000000000000100100100100001001
0000000000000001001000010010010010000000000000000000000000000000
0000000000000000000000000000000000000000000000101000010010010001
0000000000000001000100100100001010000000000000000000000000000000
0000000000000000000000000000000000000000000000101000100001100010
0000000000000000100011000010001010000000000000000000000000000000
0000000000000000000000000000000000000000000000110000000110100100
0000000000000000010010110000000110000000000000000000000000000000
0000000000000000000000000000000000000000000000110000001001011000
0000000000000000001101001000000110000000000000000000000000000000
0000000000000000000000000000000000000000000000111111000000000000
0000000000000000000000000001111110000000000000000000000000000000
0000000000000000000000000000000000000000000001000101000001001010
0000000000000000101001000001010001000000000000000000000000000000
0000000000000000000000000000000000000000000001000110000010000101
0000000000000001010000100000110001000000000000000000000000000000
0000000000000000000000000000000000000000000001001001000100100001
0000000000000001000010010001001001000000000000000000000000000000
0000000000000000000000000000000000000000000001001010001000010010
0000000000000000100100001000101001000000000000000000000000000000
0000000000000000000000000000000000000000000001010001010000010100
0000000000000000010100000101000101000000000000000000000000000000
0000000000000000000000000000000000000000000001010010100000101000
0000000000000000001010000010100101000000000000000000000000000000
0000000000000000000000000000000000000000000001100001101010000000
0000000000000000000000101011000011000000000000000000000000000000
0000000000000000000000000000000000000000000001100010010101000000
0000000000000000000001010100100011000000000000000000000000000000
0000000000000000000000000000000000000000000010000101001000010001
0000000000000001000100001001010000100000000000000000000000000000
0000000000000000000000000000000000000000000010000110000100100010
0000000000000000100010010000110000100000000000000000000000000000
0000000000000000000000000000000000000000000010001001000010000110
0000000000000000110000100001001000100000000000000000000000000000
0000000000000000000000000000000000000000000010001010000001001001
0000000000000001001001000000101000100000000000000000000000000000
0000000000000000000000000000000000000000000010010001100101000000
0000000000000000000001010011000100100000000000000000000000000000
0000000000000000000000000000000000000000000010010010011010000000
0000000000000000000000101100100100100000000000000000000000000000
0000000000000000000000000000000000000000000010100001010000101000
0000000000000000001010000101000010100000000000000000000000000000
0000000000000000000000000000000000000000000010100010100000010100
0000000000000000010100000010100010100000000000000000000000000000
0000000000000000000000000000000000000000000011000000000110011000
0000000000000000001100110000000001100000000000000000000000000000
0000000000000000000000000000000000000000000011000000001001100100
0000000000000000010011001000000001100000000000000000000000000000
0000000000000000000000000000000000000000000011001100110000000000
0000000000000000000000000110011001100000000000000000000000000000
0000000000000000000000000000000000000000000011110000000000000011
0000000000000001100000000000000111100000000000000000000000000000
0000000000000000000000000000000000000000000100000101010110000000
0000000000000000000000110101010000010000000000000000000000000000
0000000000000000000000000000000000000000000100000110101001000000
0000000000000000000001001010110000010000000000000000000000000000
0000000000000000000000000000000000000000000100001001100000011000
0000000000000000001100000011001000010000000000000000000000000000
0000000000000000000000000000000000000000000100001010010000100100
0000000000000000010010000100101000010000000000000000000000000000
0000000000000000000000000000000000000000000100010001001000100010
0000000000000000100010001001000100010000000000000000000000000000
0000000000000000000000000000000000000000000100010010000100010001
0000000000000001000100010000100100010000000000000000000000000000
0000000000000000000000000000000000000000000100100001000001000101
0000000000000001010001000001000010010000000000000000000000000000
0000000000000000000000000000000000000000000100100010000010001010
0000000000000000101000100000100010010000000000000000000000000000
0000000000000000000000000000000000000000000101000000011000001001
0000000000000001001000001100000001010000000000000000000000000000
0000000000000000000000000000000000000000000101000000100100000110
0000000000000000110000010010000001010000000000000000000000000000
0000000000000000000000000000000000000000000101011000000011000000
0000000000000000000001100000001101010000000000000000000000000000
0000000000000000000000000000000000000000000101100100000000110000
0000000000000000000110000000010011010000000000000000000000000000
0000000000000000000000000000000000000000000110000000010001010010
0000000000000000100101000100000000110000000000000000000000000000
0000000000000000000000000000000000000000000110000000100010100001
0000000000000001000010100010000000110000000000000000000000000000
0000000000000000000000000000000000000000000110010100000000001100
0000000000000000011000000000010100110000000000000000000000000000
0000000000000000000000000000000000000000000110101000001100000000
0000000000000000000000011000001010110000000000000000000000000000
0000000000000000000000000000000000000000001000000101100000100100
0000000000000000010010000011010000001000000000000000000000000000
0000000000000000000000000000000000000000001000000110010000011000
0000000000000000001100000100110000001000000000000000000000000000
0000000000000000000000000000000000000000001000001001011001000000
0000000000000000000001001101001000001000000000000000000000000000
0000000000000000000000000000000000000000001000001010100110000000
0000000000000000000000110010101000001000000000000000000000000000
0000000000000000000000000000000000000000001000010001000010001001
0000000000000001001000100001000100001000000000000000000000000000
0000000000000000000000000000000000000000001000010010000001000110
0000000000000000110001000000100100001000000000000000000000000000
0000000000000000000000000000000000000000001000100001000100010010
0000000000000000100100010001000010001000000000000000000000000000
0000000000000000000000000000000000000000001000100010001000100001
0000000000000001000010001000100010001000000000000000000000000000
0000000000000000000000000000000000000000001001000000010010100010
0000000000000000100010100100000001001000000000000000000000000000
0000000000000000000000000000000000000000001001000000100001010001
0000000000000001000101000010000001001000000000000000000000000000
0000000000000000000000000000000000000000001001010100001100000000
0000000000000000000000011000010101001000000000000000000000000000
0000000000000000000000000000000000000000001001101000000000001100
0000000000000000011000000000001011001000000000000000000000000000
0000000000000000000000000000000000000000001010000000010100000101
0000000000000001010000010100000000101000000000000000000000000000
0000000000000000000000000000000000000000001010000000101000001010
0000000000000000101000001010000000101000000000000000000000000000
0000000000000000000000000000000000000000001010011000000000110000
0000000000000000000110000000001100101000000000000000000000000000
0000000000000000000000000000000000000000001010100100000011000000
0000000000000000000001100000010010101000000000000000000000000000
0000000000000000000000000000000000000000001100000000000101101000
0000000000000000001011010000000000011000000000000000000000000000
0000000000000000000000000000000000000000001100000000001010010100
0000000000000000010100101000000000011000000000000000000000000000
0000000000000000000000000000000000000000001100001100000000000011
0000000000000001100000000000011000011000000000000000000000000000
0000000000000000000000000000000000000000001100110000110000000000
0000000000000000000000000110000110011000000000000000000000000000
0000000000000000000000000000000000000000001111000011000000000000
0000000000000000000000000001100001111000000000000000000000000000
0000000000000000000000000000000000000011110000000000000000000011
0000000000000001100000000000000000000111001000000000000000000000
0000000000000000000000000000000000001100110000000000000000001100
0000000000000000011000000000000000000110100100000000000000000000
0000000000000000000000000000000000010101010000000000000000110000
0000000000000000000000000000000000011001100000000000000011000000
0000000000000000000000000000000000011010010000000000001100000000
0000000000000000000110000000000000000001101100000000000000000000
0000000000000000000001100000000000000100011100000000000000000000
0000000000000000000001010000000000000101100010000000000000000000
0000000000000000000110000000000000000110010010000000000000000000
0000000000000000000000000000000000101001010000000000110000000000
0000000000000000000000000000000000101010100000000000000000110000
0000000000000000000000101000000000000010101010000000000000000000
0000000000000000011000000000000000000001011010000000000000000000
0000000000000000000000000000000000110000110000000011000000000000
0000000000000000000000000110000000000011000110000000000000000000
0000000000000000000000000000000000110011000000000000000000001100
0000000000000001100000000000000000000000110110000000000000000000
0000000000000000000000000110000000000100101001000000000000000000
0000000000000000000000000000000001001011000000000011000000000000
0000000000000000000000010001000000000010011001000000000000000000
0000000000000000000000001001000000000101000101000000000000000000
0000000000000000000000000000000001010010100000000000110000000000
0000000000000000000000000000000001100001100000000000001100000000
0000000000000000000000000000000001100010010000000000000011000000
0000000000000000000000000000000010001101000000000000000100000001
0000000000000000000000000000110000000000111000100000000000000000
0000000000000000000000000000000010010100100000000000001000000010
0000000000000000000000001000001000000010010100100000000000000000
0000000000000000000000000000000010100100010000001100000000000000
0000000000000000000001000000100000000110000001100000000000000000
0000000000000000000000000000000011000000110000010000000000010000
0000000000000001010000000000000000000001100001100000000000000000
0000000000000000000000000000000011000110000000000000000000100100
0000000000000000000000000000000100001110000000000000000001000010
0000000000000000000000010000100000000001010100010000000000000000
0000000000000000000000000000000100100100100000000000000010000001
0000000000000000000000000000000101000001010000000100000000000100
0000000000000000001100000000000000000011000001010000000000000000
0000000000000000110000000000000000000100010001010000000000000000
0000000000000000000010100000000000000101000000110000000000000000
0000000000000000000000000000000110000001100000000000000000101000
0000000000000000000000000000000110000010010000000001010000000000
0000000000000000100000010000000000000010100000110000000000000000
0000000000000000000000000000001000010110000000000001000000000001
0000000000000000000000000000001000100101000000000010000000000010
0000000000000000000010000000010000000010100001001000000000000000
0000000000000000000000000000001001000100010000000000010100000000
0000000000000000000001000100000000000001010001001000000000000000
0000000000000000000000000000001010000001010000000000001001000000
0000000000000000000000000001000100000011000000101000000000000000
0000000000000000000100001000000000000100100000101000000000000000
0000000000000000000000000000001010000010100000000000000110000000
0000000000000000000000000000001100000000110000001000100000000000
0000000000000001000000100000000000000010010000011000000000000000
0000000000000000000000000000010000100110000000000000011000000000
0000000000000000000000000000010001000100100000000001000001000000
0000000000000000001000100000000000000000110001000100000000000000
0000000000000000000000000000010010000011000000000000100000010000
0000000000000000000000001100000000000110000000010100000000000000
0000000000000000000000000011000000000001100000010100000000000000
0000000000000000000000000000011000000001100000000000010000000100
0000000000000000000000000000100001000101000000000000000010001000
0000000000000001001000000000000000000100010000100010000000000000
0000000000000000000000000000100100000010100000000000001000000100
0000000000000000000000010010000000000110000000001010000000000000
0000000000000000101000000000000000000001100000001010000000000000
0000000000000000000000000000101000000011000000000100000000100000
0000000000000000000010000000100000000100100000000110000000000000
0000000000000000100001000000000000000010010000000110000000000000
0000000000000000100100000000000000000001010000100001000000000000
0000000000000000000000000001010000000001010000000000000100001000
0000000000000001000100000000000000000010100000000101000000000000
0000000000000000000000000001100000000100010000000000000001000001
0000000000000000000000000010000100000101000000000000101000000000
0000000000000000000000000010010000000100010000000000000010000010
0000000000000000000000000010100000000010010000000000000000011000
0000000000000000000000100100000000000001100000000001100000000000
0000000000000000000000011000000000000100010000000001100000000000
0000000000000000010100000000000000000101000000000100010000000000
0000000000000000000000000101000000000000110000000000000010100000
0000000000000000000000001010000000000000110000000000000101000000
0000000000000000010010000000000000000000110000000000011000000000
0000000000000000000000100001000000000110000000000000100100000000
0000000000000000000011000000000000000011000000000000010100000000
0000000000000000000000011000000000000011000000000000001010000000
0000000000000000000001000001000000000010100000000000000001001000
0000000000000001000000000000001000000100100000010000000000100000
0000000000000000100000100000000000000100100000000000010000010000
0000000000000000001000000100000000000010010000000000100000000100
